"CT" "10" "20" "50" "100" "200" "500" "0" "AAL"
"1" "22051020101" 586.940999254584 2694.05099654198 10700.3664493561 29059.4308547974 52674.9335784912 83445.262802124 1278.04474806786 890.256253758297
"2" "22051020102" 581.361814681441 2412.36230820417 7491.76743555069 29598.2957382202 60833.4036750793 78255.1503143311 1316.18363577127 843.567444614682
"3" "22051020201" 616.913359314203 4312.0828499794 11443.2386894226 53172.8092651367 106740.089797974 115027.190460205 2129.4579834938 1415.06813614121
"4" "22051020202" 670.192446604371 4226.65693747997 8800.72623729706 27801.4815063477 48780.0951004028 48322.0440216064 1120.06275355816 837.950171141878
"5" "22051020203" 1443.49141413718 6451.20498299599 12944.9841582775 81795.4754886627 156604.162376404 141599.400367737 3029.13007777929 2005.31698406101
"6" "22051020301" 727.037555575371 2986.37490725517 4210.77971363068 44413.2513427734 93236.7798461914 49477.8684539795 1401.72568178177 1002.10983658874
"7" "22051020302" 940.361492194235 4234.34081599116 7897.02048540115 64907.811668396 124822.079574585 82002.8993492126 2060.10563290119 1459.92433448765
"8" "22051020303" 642.554361768067 2462.38495528698 3701.09777665138 33775.5132255554 68247.6810455322 43068.8400039673 1150.6572368145 779.491546168454
"9" "22051020400" 580.919811669737 2420.35650128126 3011.35390794277 31063.6422328949 68317.6212654114 31395.3233470917 1039.26439529657 724.905120330844
"10" "22051020502" 816.18037237227 4151.51808130741 3979.49315541983 42217.3409042358 103722.684020996 38076.6222343445 1519.60552310944 1054.69082188727
"11" "22051020505" 166.043736092746 748.606282174587 643.153184980154 8470.32774925232 16613.7577476501 7396.30117988586 298.515633642673 188.035349268727
"12" "22051020506" 552.868309125304 2836.45686280727 2959.04380178452 30035.5478916168 57286.531879425 29280.7778682709 1024.55176132917 684.794761783346
"13" "22051020507" 621.907089963555 3043.80571275949 2671.47920054197 27562.435136795 60626.4098129272 23715.1797771454 997.891947388649 675.526162213697
"14" "22051020508" 1342.13756000996 6576.44759941101 5143.46064949036 55282.6469421387 153385.538726807 45324.1041717529 2304.41897583008 1495.62871919739
"15" "22051020511" 609.212411090732 2975.2960934639 2656.20643055439 23916.4066162109 62186.3268432617 20566.9684410095 953.047308921814 646.335092283055
"16" "22051020512" 548.584784885868 3171.57960501313 2724.32213827968 23374.3221969604 52784.6490287781 20029.6228475571 865.080764621496 611.554693451917
"17" "22051020513" 843.820256382227 4788.55566295981 4981.65443262458 41220.9569911957 94687.8859596252 38358.1556358337 1469.03311097622 1057.71677630666
"18" "22051020514" 824.630120851099 3630.50760295987 3988.91595542431 44425.3957099915 102770.597579956 41935.1215744019 1516.68310981989 1052.78991675452
"19" "22051020515" 463.956421136856 2383.07685136795 1670.87070858479 28450.9987792969 65161.0665435791 21502.3822631836 1026.15231370926 646.619729168654
"20" "22051020516" 646.818107262254 2974.46088379622 2284.71149677038 26796.2968196869 58775.6762161255 21715.0070095062 1010.65790903568 649.490559495226
"21" "22051020517" 1292.37702180445 6322.02608251572 5274.06128931046 57537.2002182007 137874.89251709 45166.9740447998 2088.21818614006 1441.45072740401
"22" "22051020600" 378.094956308603 2500.59706783295 1741.01482307911 33663.1490249634 64879.0908966064 28509.3999786377 1173.65588545799 699.050634324223
"23" "22051020700" 197.838020399213 1148.38626241684 709.343684926629 12304.4049129486 25809.5103759766 13674.3678894043 505.474902480841 281.100904890314
"24" "22051021000" 376.397869303823 1672.13645744324 1421.58518779278 17550.8947887421 38136.9454040527 22591.3015213013 707.401709079742 422.793553599909
"25" "22051021100" 271.440926149488 1223.8530524075 1111.21405556798 13836.5445251465 30081.8044376373 16017.3999767303 526.185853332281 326.09182801564
"26" "22051021200" 565.594957083464 3159.77166152 3027.03045010567 26326.0835800171 50253.4608612061 27666.5985870361 952.174382448196 641.030717565507
"27" "22051021300" 471.592350184917 2130.90197229385 2287.42735993862 25642.849899292 54363.5498962402 29600.4676437378 917.553635597229 596.950710140407
"28" "22051021400" 369.790072184056 1407.88458669186 1730.04368287325 17957.233921051 36012.583896637 19647.0673427582 608.569595456123 408.361199938309
"29" "22051021500" 687.813919618726 4225.70146250725 5207.56758546829 27653.5506401062 46965.2888412476 31372.6121864319 983.659427404404 732.696461645559
"30" "22051021600" 1328.36366730928 7490.20728063583 9602.9936003685 51172.8482971191 98815.9517364502 69580.0134429932 1946.34606170654 1408.30744425422
"31" "22051021700" 871.136558543891 3962.61901789904 5840.70727884769 42764.8978939056 89580.5955162048 60871.4583110809 1563.48687553406 1067.46362399225
"32" "22051021801" 577.322420597076 3019.63015937805 5400.23549175262 35693.8076629639 77612.5998764038 57618.5241394043 1384.74614548683 907.804719912052
"33" "22051021803" 811.300380405039 5015.38096874952 8225.72835969925 30429.7981405258 62711.6162548065 53089.0232563019 1296.64700216055 944.115801411714
"34" "22051021804" 275.196649363264 1835.53095983714 3231.52194130421 15347.0211396217 34577.9125528336 26872.6445465088 639.818972051144 438.654869031912
"35" "22051021900" 236.772236466408 1257.87611842155 2357.8357950449 9888.04347229004 21802.0055389404 20010.1073856354 422.075361728668 294.77457582581
"36" "22051022001" 1161.23537668213 7035.64514276385 13655.8634392619 45689.7023448944 94089.5236339569 92529.0467777252 1956.48661589622 1441.39839120197
"37" "22051022002" 481.546720296144 1912.36917662621 3257.92362856865 19042.5951690674 48483.6091270447 47531.8147506714 847.888052165508 561.743530046016
"38" "22051022101" 309.747163951397 1215.11294257641 2881.10041904449 12742.207736969 29313.412651062 33906.6167755127 586.20684504509 377.650338977516
"39" "22051022102" 733.459599912167 4299.56694805622 9051.72130680084 26254.7039794922 52872.1416778564 58221.5141296387 1155.49163389206 867.084711808145
"40" "22051022200" 468.62124902755 1951.99270606041 4870.52897548676 20422.7794876099 45093.7015266418 57589.9041786194 928.664239406586 607.136327509411
"41" "22051022301" 453.291352748871 1968.20492887497 5629.4985332489 21480.8453865051 44857.6023483276 59952.4982452393 964.847923517227 633.115948798656
"42" "22051022302" 284.423079311848 1426.31065693498 3965.56901633739 14749.7568898201 33450.3015460968 43709.4394607544 659.958294987679 453.462925636113
"43" "22051022303" 659.644789621234 3766.818551898 10620.3946738243 25267.081823349 42627.9279174805 56228.1777114868 1066.58430838585 823.928847205206
"44" "22051022400" 931.446339204907 3928.95827294886 9426.17720627785 34334.6548271179 82710.6021194458 102904.425952911 1598.49319750071 1111.67699213417
"45" "22051022500" 506.282534271479 2133.4382455349 5052.4923286438 21094.5036392212 52802.9133300781 63246.0726318359 984.434679985046 663.333979313284
"46" "22051022600" 795.00962657854 3348.70474618673 7171.3069319725 34858.2721443176 83272.5353927612 100866.420524597 1483.53238415718 1043.07638259171
"47" "22051022700" 620.236687019467 2539.23586690426 5235.21065139771 26268.3562850952 64085.7996292114 72357.3012313843 1138.78595352173 783.671387381747
"48" "22051022800" 507.526531279087 2211.71044254303 4151.89004516602 23020.3958129883 55612.7842102051 59982.2908630371 987.255065917969 669.271923619807
"49" "22051022900" 463.952413186431 1962.9228682518 3224.12582969666 21164.2366294861 50162.0100784302 50162.0100784302 865.556792855263 589.221071806178
"50" "22051023001" 329.035071797669 1367.02778577805 2129.72211647034 13096.0695114136 33506.3526916504 30848.9375686646 584.465442657471 384.020769010671
"51" "22051023002" 605.944874934852 2833.37018883228 4155.35448884964 27498.9957351685 69524.3979225159 57785.5954818726 1205.30834829807 782.608972130291
"52" "22051023003" 531.652946695685 2150.9349193573 2872.63141012192 19786.0905838013 52388.1534042358 39581.5575027466 901.528064131737 574.101977893695
"53" "22051023100" 343.411447204649 1608.84616661072 2334.45141839981 16933.1819038391 39542.7507858276 35671.2369689941 689.470450401306 458.304884088136
"54" "22051023200" 492.288486018777 2268.72637975216 2679.05781507492 23254.8575553894 56075.1368713379 42692.8570404053 968.314145326614 619.388688353434
"55" "22051023300" 271.913291141391 1136.83897554874 1316.25154745579 10764.1787548065 28540.3831634521 20380.6066932678 484.759699046612 304.060205604359
"56" "22051023400" 637.268778085709 2616.51085162163 3106.28851103783 29614.3246002197 68308.8253173828 46363.8856658936 1142.92213511467 747.606488007784
"57" "22051023500" 769.86598392576 3134.24077296257 3135.62378513813 32469.8456916809 75235.5742492676 45310.61693573 1292.02574002743 819.760821307682
"58" "22051023600" 846.721011519432 3896.56078922749 3697.12717854977 33368.5378646851 87849.9259338379 58406.6206054688 1574.74243021011 940.246669056774
"59" "22051023700" 265.418384194374 1217.32486748695 1146.00452876091 11991.5294723511 27856.1287841797 20191.6549682617 518.352453708649 309.8970135113
"60" "22051023800" 585.642449527979 2732.14100658894 2420.06731343269 26156.4784832001 53193.8289909363 41026.1768608093 1073.62424492836 642.816217649371
"61" "22051023901" 560.496233649552 2494.60808217525 2392.96292930841 25983.2668876648 44707.4369926453 46213.8079833984 942.247931718826 604.680949317582
"62" "22051023902" 634.463262557983 2572.21467256546 2541.99652719498 27037.8417816162 49461.5111083984 44684.5311279297 993.554705142975 637.246753498077
"63" "22051023903" 618.70796623826 2433.12790250778 2433.12790250778 24906.9670829773 50362.319519043 40713.5306625366 957.888986825943 610.77720049873
"64" "22051023904" 598.178730897605 3135.83281964064 2705.38860802352 25565.5196266174 39886.5180721283 41637.169593811 949.048074841499 608.238777097396
"65" "22051024001" 526.72164843604 2523.83592584729 2447.15266856551 25587.1956424713 42691.0160865784 51651.9463768005 966.32050216198 603.210482846152
"66" "22051024002" 904.719466120005 3992.46760699153 3889.24818772078 37677.2032690048 68891.0910549164 92217.4532833099 1561.55188483 956.571223349243
"67" "22051024100" 587.269186615944 2881.1863117218 3032.81412029266 31841.455657959 56626.664276123 62306.475769043 1169.80861186981 749.362752732873
"68" "22051024201" 535.512565210462 2899.69744360447 3894.19525945187 26193.9003372192 54601.8382835388 49364.4597206116 1004.56889092922 696.167912307694
"69" "22051024202" 1192.20703116804 9407.62643778324 12200.4531457424 102952.849727631 192777.261688232 213261.372032166 3767.64163219929 2513.26677396379
"70" "22051024300" 680.662032514811 3284.53040552139 4717.48955535889 35524.3666915894 73182.1492767334 84666.4479675293 1342.11377978325 928.908577386052
"71" "22051024400" 530.208244308829 2495.48150867224 3919.59250879288 24511.2762184143 55428.2344818115 59994.4898681641 968.875022172928 687.005560998067
"72" "22051024500" 310.86235100776 1484.4956291914 2369.56446647644 14196.9539108276 30606.183883667 35875.963722229 552.407186627388 397.258508721597
"73" "22051024600" 223.971878539771 1057.32794457674 1996.84827804565 12501.7808475494 30527.3613853455 34203.7677536011 501.317245125771 355.007833835881
"74" "22051024700" 391.689734473825 1985.7904561758 3591.45671510696 15805.8994216919 33960.099609375 40694.3900146484 629.959503889084 476.479225033179
"75" "22051024800" 1114.04575574398 5207.84387671947 12430.3843078613 56475.5838165283 135518.135437012 174756.914154053 2347.64079189301 1712.54737672269
"76" "22051024900" 424.713559933007 2507.51656556129 5584.04792308807 29505.6962356567 69576.8455963135 90645.7586669922 1159.42317986488 858.168202235706
"77" "22051025001" 1103.77856780589 4625.31187641621 25512.5358219147 57530.1115036011 121324.745948792 341795.002059937 2322.54625403881 2152.32497885217
"78" "22051025002" 411.010646998882 1855.49185538292 10910.1939544678 27472.3683624268 56433.8286132813 151854.450592041 1058.55359458923 962.258572539032
"79" "22051025003" 653.09345953539 2514.909767434 13510.580726862 32689.6252202988 73317.4085187912 199217.002071381 1354.29854300618 1224.40266805746
"80" "22051025102" 932.578306116164 3951.24304199219 20124.4541816711 54029.6322555542 116478.684196472 316973.644134521 2162.33229994774 1930.45070787034
"81" "22051025103" 500.297705601901 2068.52369576693 11863.0618534088 30896.5737476349 69234.0299797058 205951.647033691 1283.18884587288 1150.09752111552
"82" "22051025104" 506.756330959499 2463.64956796169 11831.8913459778 27461.1856899261 55854.1510848999 168501.628875732 1132.35234475136 1029.98065823965
"83" "22051025201" 392.110435776412 2228.79742851853 11398.9615240097 26367.2829818726 52302.8941955566 133376.624557495 1034.04410254955 933.965024497859
"84" "22051025202" 830.422505810857 4106.8679060936 19820.6308822632 42930.918258667 94322.566619873 243903.68182373 1823.33485841751 1646.57557268937
"85" "22051025300" 357.803036578 1766.52842283249 8118.63213253021 19531.3896751404 45364.0054702759 111757.510574341 847.64407491684 737.556565784522
"86" "22051025400" 542.643822409213 2930.23221671581 12910.8509197235 34311.9796485901 73143.1658630371 190893.685974121 1386.818608284 1225.24544240109
"87" "22051025500" 296.408480465412 1361.2267870903 5610.24180603027 16800.6749420166 38101.6758117676 94315.4689941406 694.335725307465 593.949088419258
"88" "22051025600" 287.418481871486 1275.03391832113 5806.83147192001 17592.9899463654 42896.3003692627 103589.267227173 759.95347571373 633.239975133583
"89" "22051025700" 165.530552722514 897.864877462387 4644.62180137634 12764.1864089966 27553.247543335 69677.0635681152 516.455345392227 443.405278537072
"90" "22051025800" 304.872416213155 1400.2064152956 6312.3892364502 18387.5003890991 38869.0902404785 92454.2523193359 743.267643928528 621.941844105318
"91" "22051025900" 406.345908761024 2044.73422241211 11344.4791183472 30426.5300598145 71259.8807983398 163005.268554688 1284.07510280609 1076.58400045645
"92" "22051026000" 327.889518558979 1706.82223403454 6934.04824447632 25533.979888916 60128.4159851074 136383.711242676 1045.24076986313 851.745172186196
"93" "22051026100" 517.302343629301 2786.01728212833 9977.62314510345 29780.8279285431 61822.8159713745 155447.279724121 1210.64603358507 1027.74410571369
"94" "22051026200" 190.522410877049 1168.26028060913 4516.19345664978 15237.62241745 33049.1263961792 87793.321685791 636.046687960625 519.985996873565
"95" "22051026300" 451.009136229753 2181.86444091797 7331.34471273422 32626.0337276459 69388.8304214478 170173.872169495 1284.62287867069 1022.68808319453
"96" "22051026400" 279.800582766533 1221.12319779396 3262.73394775391 13801.2400817871 29876.3645629883 77627.2243652344 594.524033546448 460.550216849208
"97" "22051026500" 579.84964621067 3395.07975435257 9010.03285217285 34296.8537139893 70769.1759338379 178705.420654297 1467.9576625824 1138.86132594454
"98" "22051026600" 268.431907385588 1270.64440822601 3827.73176002502 17657.199180603 37295.9524688721 84819.5239562988 699.331567287445 542.93329887864
"99" "22051026700" 332.645718693733 1601.58917015791 3981.8390827179 19107.5552711487 38867.8903045654 95995.1646728516 787.658881664276 594.787464189172
"100" "22051026800" 346.608499002687 1523.74267320195 3443.52656885237 18243.6232436746 35368.2463288009 87793.6286976933 746.122289040126 548.476053469496
"101" "22051026900" 285.183044601232 1515.77502369881 3404.48143625259 19549.8888473511 36567.469203949 83678.2420196533 747.427467465401 554.261611988444
"102" "22051027000" 915.870199106634 4254.29028606415 7791.18330478668 46485.9075546265 81874.6609802246 199531.980117798 1850.08937811852 1324.33295327326
"103" "22051027100" 586.460974857211 3145.55181837082 4598.12188315392 28853.7117042542 45518.0163421631 105265.863487244 1114.75920784473 788.819733150766
"104" "22051027200" 716.683398112655 3569.38038897514 6013.26978302002 40122.2919006348 67947.7027587891 147434.762786865 1540.20244050026 1074.81784064244
"105" "22051027501" 1062.18858142197 4636.84487903118 3138.74800822139 41955.5545501709 75712.8937530518 58572.7028884888 1683.10804772377 980.180758332446
"106" "22051027502" 499.372874259949 2376.35395383835 1554.76965355873 20976.3799667358 34813.6058807373 37233.421005249 854.803014278412 491.061277862549
"107" "22051027601" 944.714738111943 4425.16793888807 2922.32503035665 29083.6311798096 47181.671833992 67261.7516708374 1336.59954228997 766.817635306251
"108" "22051027602" 454.040861070156 2610.83551740646 2169.30541437864 17546.4624824524 25026.4479064941 52685.5639648438 731.357606828213 469.90315670222
"109" "22051027701" 799.876047555357 3719.9310426712 4916.35637998581 35917.2918109894 54568.0430450439 159588.76600647 1473.73267686367 994.156280267749
"110" "22051027703" 533.597298961133 2508.28772366047 4349.63892316818 27164.0879116058 42520.915927887 131329.118556976 1050.62640222907 771.472220767866
"111" "22051027803" 515.951191306114 3019.52518057823 10407.2369413376 26118.3841400146 53405.8086471558 144512.874588013 1123.94000124931 968.104953353286
"112" "22051027804" 2271.01530370116 11277.4332324266 51142.3092727661 121887.096645355 238721.004043579 742958.898574829 5011.68541300297 4514.19448622164
"113" "22051027805" 1486.2418846488 6599.71546602249 24909.0011520386 78005.6815490723 157072.006561279 507710.892883301 3249.85051631927 2774.221665986
"114" "22051027806" 1181.1349901855 5621.935795784 11528.2003860474 59368.0355834961 118114.334320068 338437.653442383 2606.95499134064 1910.34389862701
"115" "22051027807" 1814.41010051966 8325.43095827103 21805.9319038391 97513.7886352539 192693.420196533 574289.210449219 4178.01923131943 3178.05704014498
"116" "22051027809" 1622.17403808236 6882.77427625656 14537.9132785797 62607.2184295654 96380.8890533447 399586.542297363 2709.96397137642 2061.08109545508
"117" "22051027810" 632.376140832901 2741.4575958252 7569.93460083008 34338.494140625 62908.0515136719 197485.196533203 1370.40929317474 1082.26510627961
"118" "22051027811" 416.602237731218 1880.44354462624 5415.41760635376 21597.1804199219 41867.0333557129 129452.264465332 892.069984912872 717.566533125669
"119" "22051027812" 589.697148685344 2469.41954451799 6486.47976589203 21177.5294532776 36848.7342700958 133463.948982239 916.01761496067 749.671137269017
"120" "22051027901" 513.073152139783 3535.32129096985 3689.25183486938 33010.0250778198 37506.1606445313 202271.675720215 1396.9805753231 929.032061381772
"121" "22051027902" 1996.20495927334 20772.764667511 94810.6217803955 161660.658660889 144894.4246521 921545.780761719 7336.6266746521 5951.37945599783
"122" "22051028000" 896.754826746881 4530.21343612671 5249.47363376617 39238.9925422668 53626.6990852356 239588.147247314 1767.80830621719 1176.79834206798
"123" "22051028100" 277.510333433747 1679.45256578922 1052.66979172826 14728.0415802002 31027.9620437622 19694.2141342163 678.127245783806 359.282738029852
"124" "22051028200" 686.548509806395 3386.5790977478 4856.82335662842 31471.5344161987 65130.3745574951 106763.162780762 1367.4012966156 906.466094310254
"125" "22051980000" 72.8931500315666 988.281641483307 596.095534741879 10988.0628356934 21564.51171875 11351.466583252 403.589806079865 238.971223122538
"126" "22051990000" 0 0 0 0 0 0 0 0
"127" "22071000100" 453.872570924461 1933.19628991187 9549.7965297699 25823.5618638992 50227.085565567 122695.003219604 1045.1459197998 858.298157535902
"128" "22071000200" 184.736614316702 912.267461061478 4498.36473846436 12469.55884552 24852.6319580078 60586.8666381836 504.730084896088 414.88892770037
"129" "22071000300" 121.074430480599 536.345064282417 2699.91955089569 7604.13533401489 15854.7238006592 38812.5060424805 310.885945796967 257.147723622695
"130" "22071000400" 289.080588156357 1178.29556510597 6810.04459929466 19088.0388669968 37027.7006030083 95067.2611980438 749.696253448725 624.431715005616
"131" "22071000601" 117.332566842437 590.789584651589 2530.82121348381 5344.26621580124 10016.9436502457 23723.1562042236 217.19119155407 192.915827352628
"132" "22071000602" 232.640565410256 1030.18037205935 6309.68221187592 15713.0170402527 31166.2663192749 83071.8927459717 623.251465797424 540.337405453101
"133" "22071000603" 271.132379949093 1397.914106071 7515.22129821777 15259.3707199097 27561.8495254517 70556.2341003418 596.311676859856 543.526329357565
"134" "22071000604" 520.42679470405 2392.16328120232 14378.9725618362 30099.8433847427 54286.6374549866 146542.342277527 1167.4864526093 1058.98554097423
"135" "22071000605" 284.469551801682 1197.84031367302 9222.16928482056 21559.2288818359 35998.0449523926 91185.3033447266 760.887092590332 681.933088478804
"136" "22071000606" 701.425086952746 2663.61985474825 21119.6983070374 45955.7181968689 80714.0137634277 229143.865188599 1694.86974155903 1557.71412681762
"137" "22071000607" 687.335015520453 2432.58927202225 23682.4410324097 46473.7310714722 81700.6353302002 240824.557891846 1732.83827185631 1624.72812811171
"138" "22071000611" 405.283844575286 1552.03596258163 15126.8278160095 23630.9707260132 43756.208732605 149695.62210083 1013.18643665314 951.550639464601
"139" "22071000612" 344.23795921728 1145.70240970701 15245.9034762383 13457.0560903549 26281.5387659073 146643.348197937 846.693122327328 785.371212931675
"140" "22071000613" 895.260155897588 4910.12607543916 21226.4183266163 38219.7830719948 65787.4922485352 163273.079158783 1548.07608231902 1438.02287421961
"141" "22071000615" 821.795629404485 4114.01340031624 22328.5901088715 40594.6917572021 70028.1197280884 195594.422546387 1614.43256175518 1509.64152983614
"142" "22071000616" 840.320050718263 3443.23720306158 26546.4590177536 52882.6475467682 97045.5112400055 295133.513587952 2057.57973498106 1917.1688416882
"143" "22071000617" 857.13383275643 4459.24782723188 28323.1394095421 45471.3003807068 76973.156452179 216292.749893188 1785.01223120093 1739.62755060283
"144" "22071000618" 765.420135667548 2914.54334184527 20584.6683139801 46610.8569641113 92903.7353439331 284005.130378723 1832.9409994483 1694.61466751975
"145" "22071000701" 109.4168773368 443.269510358572 3108.36081218719 7033.01740264893 10569.1554794312 33066.1992034912 277.243117690086 227.256969834335
"146" "22071000702" 230.732483178377 1000.79386967421 6822.39388847351 13919.2527961731 22441.7350692749 64462.3902206421 543.274243354797 473.102866215259
"147" "22071000800" 209.933650359511 874.904912680388 6017.57019424438 12987.5349617004 21488.7965812683 64136.0211334229 522.94227284193 440.161671889051
"148" "22071000901" 98.6355945765972 360.19512796402 3133.97451019287 5876.67400360107 9262.11441040039 30753.9774169922 247.725108623505 206.807663980931
"149" "22071000902" 45.4035993218422 171.022645711899 1662.51017379761 3353.57967376709 4960.99239349365 16288.5354614258 133.31555557251 110.654819606841
"150" "22071000903" 68.5354616418481 264.202164545655 2368.87032318115 4925.56635379791 7534.98030281067 24619.7512664795 198.344010829926 163.670175350942
"151" "22071000904" 123.546502979472 531.813953667879 3978.39935159683 7912.0877122879 12210.8631954193 37944.354095459 317.861694514751 269.029849520164
"152" "22071001100" 270.776185750961 1221.57273292542 8551.24580764771 20545.808631897 32128.5352249146 96382.9064788818 800.53392803669 653.839295470954
"153" "22071001200" 261.020103752613 1187.19903087616 6413.09657287598 16692.8261260986 28441.7094421387 74480.5925292969 646.576150417328 532.959317794621
"154" "22071001301" 255.372838646173 1106.70920997858 6089.58086299896 14671.4695663452 23584.8254089355 65291.7098236084 579.80871462822 474.75719474402
"155" "22071001302" 105.330859513953 429.718561101705 2589.80644619465 6121.176872015 9548.63000869751 27955.9471759796 241.952121727169 197.655410194682
"156" "22071001401" 181.655899338424 757.048092275858 4607.35510063171 10536.2100296021 16067.310874939 45817.8225021362 414.556702494621 338.987975662105
"157" "22071001402" 229.543122924864 885.903377950192 5190.32746696472 12425.2715969086 19620.7152557373 56338.1582794189 492.867263376713 401.160897949316
"158" "22071001500" 107.781769923866 483.975459903479 3047.34682273865 7558.52369499207 12175.4623260498 33725.5454101563 297.632614135742 238.979594230883
"159" "22071001600" 1.66585463471711 7.21971905231476 223.823772192001 462.178307056427 690.281411170959 2005.90620803833 17.0314655601978 14.0432328314651
"160" "22071001701" 186.73091159761 692.62282294035 7894.9698677063 15238.9341545105 19000.2965278625 57035.7748718262 589.284568428993 466.119437639698
"161" "22071001702" 342.977978020906 1349.14128309488 10206.5875225067 19048.1772460938 25476.306930542 73048.6181030273 771.20135974884 621.011335446864
"162" "22071001720" 362.939614720643 1453.19201913476 13524.4010658264 21503.7145271301 27212.6137199402 92588.0941734314 977.396524071693 746.699647543318
"163" "22071001722" 492.288154810667 1763.50923454762 17532.973690033 21622.071811676 29406.6830787659 113478.396194458 1149.99872255325 883.516912247152
"164" "22071001723" 482.77184087038 1656.16612040997 15176.2315444946 16368.3114929199 24776.8677062988 112065.548706055 1125.86337184906 771.808701809227
"165" "22071001724" 1057.08808255196 3773.83969819546 36404.5418243408 43988.6649169922 77179.5303344727 206408.750488281 2648.74338436127 1853.71786042619
"166" "22071001725" 832.048384383321 3056.61594432592 42643.7507667542 29188.8297595978 38160.1510238647 169845.958999634 1980.78459739685 1622.2666285096
"167" "22071001730" 48.7500425726175 145.832322943956 3216.96116256714 710.082612037659 1289.76346039772 9867.10865211487 145.166165143251 96.6766036434621
"168" "22071001734" 147.053896471858 214.541085340083 35401.2181167603 365.588434278965 1852.15503549576 44346.703338623 784.910907745361 796.952941567615
"169" "22071001735" 290.527631198987 1189.77329985797 10391.6481952667 11741.6565556526 15186.72697258 53592.4648284912 622.014372140169 491.885115980079
"170" "22071001736" 274.635733306408 1183.54256778955 16192.6287384033 13273.5881557465 18549.3365745544 82356.8278808594 895.305860757828 675.344670099914
"171" "22071001737" 454.111305452883 1691.70118793845 24888.0762748718 13645.7864394188 17295.069026947 82832.707359314 1042.8702057004 872.555091093696
"172" "22071001739" 145.309338800609 505.758315891027 7600.7340221405 4592.9193277359 6442.43466091156 32445.7684936523 371.189776599407 284.76303289061
"173" "22071001740" 537.852344430983 2016.03215279803 26992.4712429047 13218.5130507946 18620.6589508057 91943.6425590515 1248.4040645659 945.473967103549
"174" "22071001741" 101.980100803077 322.945597082376 5084.1823515892 2237.05968594551 3801.11744356155 24479.797164917 268.267012357712 185.853086601369
"175" "22071001743" 343.869232825935 1524.47615742683 12970.8066387177 13355.0015277863 16711.4041538239 55327.7495880127 706.949179410934 578.991662347787
"176" "22071001744" 411.718524772674 1680.93159645423 18415.7547774315 14226.0104894638 18949.2707731724 75262.3484897614 930.860483780503 741.231007024426
"177" "22071001745" 482.801237531006 1503.83354103565 34553.9052810669 13171.9124126434 18571.100479126 116252.991363525 1334.61448478699 1110.75471025766
"178" "22071001746" 387.206481471658 1250.73422059417 26278.5342578888 8046.20345115662 12165.1591310501 86179.6067123413 1059.80315989256 823.556788494721
"179" "22071001747" 562.852126836777 1686.07094445825 24610.7395744324 13261.23878479 20052.3592681885 121437.686767578 1364.62673938274 935.554190547944
"180" "22071001748" 457.242907628417 1543.52175186574 20334.715429306 13195.2303695679 21249.3690471649 111537.348358154 1160.57797777653 831.13397784911
"181" "22071001749" 147.90295846574 441.717712786049 7856.582685709 2755.13902258873 5062.51790118217 36233.1825180054 388.528309352696 273.761324238418
"182" "22071001750" 242.293258901685 793.389329262078 13556.2858095169 4972.9195100069 8659.08736753464 57269.8189086914 632.544880539179 466.756594991591
"183" "22071001751" 250.996337186545 845.128012746572 21856.9290466309 7277.76987075806 13116.2047653198 94458.5059814453 940.58419752121 725.954461936277
"184" "22071001800" 244.53563384898 1194.85983330011 5833.42262458801 14492.1067419052 26096.1555719376 63769.1870174408 582.825929105282 479.30544004819
"185" "22071001900" 214.658063925803 1025.83704203367 4805.74695730209 11117.9791030884 18308.013628006 44037.9524917603 439.625178098679 365.188698948361
"186" "22071002000" 124.168281473219 530.465058267117 2894.84365653992 7301.82167625427 12388.7070426941 31676.6335067749 292.609326124191 234.053123501159
"187" "22071002100" 105.370674908161 446.991446018219 2321.46716308594 5870.05976104736 9863.14906311035 24400.0148925781 235.967226743698 187.021334774315
"188" "22071002200" 132.50921857357 523.754512250423 2920.49373912811 7324.59522438049 11901.2919311523 30998.9562683105 290.846505284309 231.710852046847
"189" "22071002300" 234.607980335131 1018.35847687721 5737.52132034302 15028.5292196274 24303.8039455414 59941.871257782 589.496741861105 461.191956806371
"190" "22071002401" 197.158330708742 787.650483012199 4349.1275844574 11197.5529708862 17334.0904388428 42726.2808990479 435.924969673157 340.824959662944
"191" "22071002402" 376.135026872158 1438.28152447939 8409.61458778381 20259.4125289917 29948.1868057251 76468.2836914063 788.198230266571 621.567695134103
"192" "22071002501" 158.769106857479 652.035562377423 4259.49764323235 10246.7836937904 14064.761469841 36763.0368595123 420.273692339659 303.495081903241
"193" "22071002502" 182.084010459483 746.495749764144 5027.0693898201 10950.6772727966 14528.5221176147 40176.4812164307 454.007506340742 335.462207889534
"194" "22071002503" 212.596470266581 879.994754225016 5394.25158905983 13371.7126064301 18985.2292346954 46864.8698234558 515.254895061255 394.925799929053
"195" "22071002504" 299.769582677633 1155.5941824913 7107.33643245697 16685.6342315674 22934.4116821289 61086.7594223022 649.537386894226 504.374778114457
"196" "22071002600" 398.317543491721 2049.6089836359 8671.24492931366 19674.0764884949 34650.7074890137 77253.2776184082 797.609535455704 667.405516566381
"197" "22071002700" 141.084944831207 689.290849745274 3392.95672178268 8926.09359931946 15829.5856237411 36048.5562171936 350.783094018698 283.294770861895
"198" "22071002800" 172.189245153219 776.289998799562 3771.98381304741 10505.7603225708 18853.7975292206 41685.9581718445 419.098758667707 327.533337135691
"199" "22071002900" 118.202794000506 534.925707042217 2671.01217556 7220.38009262085 12695.7900543213 29803.6445770264 285.945121049881 227.413819420382
"200" "22071003000" 119.487396836281 523.515082120895 2454.09467697144 6462.33792114258 11061.4209594727 25602.5069580078 259.155852794647 204.126660428643
"201" "22071003100" 173.372016714886 726.641726493835 3197.98577451706 8939.44785022736 15683.534737587 35531.8499069214 364.794320523739 280.437457655402
"202" "22071003301" 368.101198062301 1507.17026495934 7489.66931438446 19060.3815727234 29147.9729423523 59971.7646026611 766.459657907486 568.785127306447
"203" "22071003302" 393.713145405054 1596.54836547375 7788.79541969299 22870.8376197815 38826.3450393677 81154.0219116211 935.682487130165 678.0483668212
"204" "22071003303" 193.979957818985 836.828822612762 4731.14177322388 12613.527053833 17432.6670761108 42700.379699707 509.982770681381 361.328178072214
"205" "22071003304" 227.690687127411 940.121024131775 4979.66921615601 13390.6172962189 19457.8149623871 44515.6960716248 521.837400496006 387.924926145204
"206" "22071003307" 136.090505257249 582.441138118505 2652.04661464691 7616.78280067444 12920.4131145477 28109.7784347534 310.867971539497 230.713031564489
"207" "22071003308" 508.35833145678 2276.46820759773 10988.6088523865 27263.1703262329 41646.2225418091 93406.5131225586 1072.89119064808 834.70830093588
"208" "22071003400" 185.049534846097 908.486632540822 4035.03451609612 10417.0877399445 19431.5208282471 41654.2335395813 420.75835993886 340.001985666652
"209" "22071003500" 192.805395051837 956.812258780003 3632.13807201386 8972.62633132935 16010.7113265991 31740.5141296387 359.641522884369 294.683700653598
"210" "22071003600" 195.07807534188 891.22289788723 3700.68623876572 10858.7490348816 20527.9454193115 41809.016708374 436.150249779224 340.80551707577
"211" "22071003701" 576.418959692121 2899.71204984188 9769.16936397552 20831.3520469666 33593.3520812988 59862.9910583496 845.135328531265 706.185378530458
"212" "22071003702" 484.248857304454 2254.50465071201 9160.10261631012 26664.0453567505 50081.6984100342 101548.66645813 1094.91122102737 838.118593290255
"213" "22071003800" 516.979731164873 2841.30391785502 11843.3353624344 26355.5957317352 48293.1759605408 105209.222213745 1081.55441260338 912.096862392805
"214" "22071003900" 222.860173881054 1229.40849325806 5127.96854841709 11856.5714373589 23327.4181070328 49031.534954071 503.979013815522 413.08847568512
"215" "22071004000" 220.880912184715 1109.44291341305 4487.93225193024 11406.9582977295 22288.2106018066 42909.6997070313 468.001085281372 378.727963580489
"216" "22071004100" 268.422373086214 1170.76914405823 4374.82235908508 13186.3818855286 27853.5172748566 51730.7650718689 562.664106100798 428.94585311988
"217" "22071004401" 157.007925584912 759.069469928741 3147.465051651 8533.87311172485 18439.9990539551 35977.0153961182 369.605981349945 288.966845617727
"218" "22071004402" 0.881680965423584 9.40296936035156 47.4827423095703 129.842330932617 280.455902099609 553.615478515625 5.43341541290283 4.27387995290756
"219" "22071004500" 258.342681258917 1185.9735224247 4474.33853340149 13399.6708297729 30632.4961547852 56296.790435791 595.90887093544 450.856980092615
"220" "22071004600" 404.931945800781 1902.35014665127 6549.12342453003 20260.1053886414 45375.6354827881 77384.7461395264 894.099154829979 666.730224556924
"221" "22071004800" 264.979390218854 1598.84334546328 5481.90696907043 10708.8126373291 18234.8747558594 33079.3928375244 437.943384170532 383.091041015104
"222" "22071004900" 617.828978223726 3306.58795037866 12124.9971551895 30505.2246756554 61825.7305574417 111892.146873474 1262.31376628578 1034.13951318192
"223" "22071005000" 151.237550705671 863.331250905991 3515.54533100128 11067.6508331299 25547.4764022827 46148.4249191284 484.590866088867 363.045019660205
"224" "22071005400" 481.1581306234 2590.47379267216 7429.73598098755 19891.1429080963 41758.4743690491 64961.678981781 869.092791557312 677.902612351813
"225" "22071005500" 336.071699570864 1507.67451365292 4786.2951335907 16763.1803245544 38014.633020401 57756.0847892761 737.362187445164 528.851187406879
"226" "22071005601" 403.853744026273 1633.21293890476 5790.05507326126 19786.9083900452 36794.0645046234 60096.2545547485 862.192815065384 576.948415398028
"227" "22071005602" 315.743357464671 1329.81320823729 5455.75452613831 17273.7072610855 31295.9221973419 53657.8684997559 735.270029246807 505.424498786017
"228" "22071005603" 197.451058313251 852.332113653421 2748.68224191666 9712.02130508423 19961.9963493347 30709.9133911133 423.817680716515 292.756221114442
"229" "22071005604" 185.066970914602 788.62799179554 2802.94339179993 9861.44069290161 19948.4921035767 33157.2530670166 421.952631473541 295.721314992279
"230" "22071006000" 377.521464824677 2218.29108572006 7811.04286956787 21578.730682373 45099.6809082031 82120.6535644531 884.358455657959 719.810721538066
"231" "22071006300" 183.89796897769 1013.86032326519 3513.25035333633 9916.32888031006 21055.0852546692 36593.2563056946 415.950520932674 328.899561301321
"232" "22071006400" 265.860522147268 1340.19953969121 4207.87679839134 13993.7608475685 31497.6174697876 52226.9152030945 599.700634181499 453.696079649713
"233" "22071006500" 304.306423744187 1487.12383505702 4486.86298274994 15436.7759308815 34426.5739078522 53558.1410369873 657.87749171257 490.649200319385
"234" "22071006900" 105.306978464127 654.462207317352 2597.1944732666 8491.83480834961 18773.1020507813 33573.4157714844 338.162615776062 269.896345142603
"235" "22071007000" 221.545107364655 1374.38516294956 4331.2858171463 14070.5719490051 30283.5452804565 48690.5650177002 560.549054384232 446.839068810939
"236" "22071007101" 507.667335916311 2989.38705768436 8155.23164707422 20115.9206581116 39544.2159032822 62851.1957130432 849.459173515439 698.694860765297
"237" "22071007200" 410.972490847111 2513.33600664139 6848.80633163452 22467.0592803955 48392.5672912598 73649.8308105469 913.430073738098 720.33183915335
"238" "22071007501" 255.876125603914 1170.37420868874 2912.62474989891 13510.4498291016 32539.9676971436 45600.7620391846 562.304217219353 411.353754051239
"239" "22071007502" 327.309718478471 1421.46208950877 3476.20863205194 15761.4677624702 37707.5692844391 54257.8328094482 655.369711220264 484.993433753807
"240" "22071007604" 517.668270718306 2089.7333804667 5955.86417770386 21529.2248735428 56788.1720790863 80541.923740387 1042.07082116604 725.0830860192
"241" "22071007605" 126.990803107619 625.660486489534 1811.06902599335 7068.22430992126 16627.1848640442 25157.2530059814 299.980855464935 221.678871346697
"242" "22071007606" 699.636844573542 3521.55363421515 12226.713198185 36246.3180451393 64209.2527132034 97343.6640205383 1536.10252773762 1077.58722266881
"243" "22071007700" 1714.46713569574 10461.6211513281 35058.2707371712 75468.2395801544 140143.324726105 286376.740169525 3098.28452035785 2718.64214519881
"244" "22071007800" 299.904400229454 1584.00408279896 5310.15825176239 13384.3062553406 27898.7023086548 57594.7052459717 566.907286763191 475.430102371574
"245" "22071008200" 394.876020520926 2459.15929532051 7918.58630371094 18074.8288574219 36012.9096984863 70781.3326416016 763.377195358276 652.394852587074
"246" "22071008300" 221.698990024626 1069.98466742039 3678.01003694534 10663.8780460358 24486.6982574463 51273.8512496948 465.494129419327 376.738717435934
"247" "22071008400" 450.154908791184 2612.66163861752 7675.88047981262 17278.0799407959 33659.6805114746 62076.2760314941 725.912750959396 626.616683509842
"248" "22071008500" 147.679859001189 783.030663326383 2730.36667513847 7892.81474018097 17936.3525352478 34335.7063140869 335.307297021151 272.065636674333
"249" "22071008600" 108.315545678139 570.329867601395 2049.82713699341 6448.31648254395 14935.771697998 27577.5593261719 270.761055469513 215.989425486207
"250" "22071008800" 186.175750911236 998.96025288105 3388.48509454727 9471.56303024292 21725.8720703125 46176.6267547607 421.315900325775 339.587656919181
"251" "22071009000" 466.280798047781 2474.47450184822 7428.6373500824 19820.3351669312 46062.5482788086 93994.5970458984 906.481353759766 733.103349462837
"252" "22071009100" 442.058265252039 2440.45798090473 7060.30089062452 17610.9317595959 36668.0363230705 70058.0634365082 761.228955879807 633.717022323994
"253" "22071009200" 150.68653601408 839.202139496803 2875.94986343384 8545.57807159424 19520.6602935791 37150.2089538574 364.798145055771 292.75403639096
"254" "22071009400" 231.422553092241 1113.38733190298 3482.03542709351 11735.8662776947 27799.1065597534 48771.3884124756 497.313512325287 392.334271585733
"255" "22071009600" 152.387134708464 788.81880068779 2553.59060001373 9109.7908821106 21242.8962631226 44646.3391571045 389.435078978539 306.698767799474
"256" "22071009700" 214.852572645992 1032.11800056696 2969.99650287628 11674.261806488 27201.7898674011 55533.8256225586 494.770994007587 385.720825848456
"257" "22071009900" 692.338614594191 3921.339495942 13605.6604590416 48271.5149793625 117094.764205933 239291.728569031 2110.4334410429 1635.62826640586
"258" "22071010000" 220.577823862433 1195.42613351345 3680.52240228653 11133.4494628906 26964.3737487793 52758.355255127 507.479690670967 397.437837832317
"259" "22071010100" 430.776532404125 2313.69343841076 5948.31738376617 16608.7192173004 37725.0192451477 69371.8409957886 753.4757335186 601.806731125884
"260" "22071010200" 170.79923125729 925.493072509766 2885.38415050507 9778.2094707489 23846.3986034393 44069.3230743408 431.966615647078 333.823536747809
"261" "22071010300" 270.522961765528 1295.26350021362 3863.05911064148 13956.7557373047 34292.9114990234 58956.5134277344 599.701727867126 466.116880432993
"262" "22071010600" 174.308636240661 991.196138381958 2346.64914941788 9683.01160430908 20589.6374206543 39864.0278625488 397.954660773277 305.715722938411
"263" "22071010700" 348.460730865598 1736.39538013935 4647.54492044449 17725.9503250122 41221.1668395996 80403.8645935059 770.129744768143 589.553323572352
"264" "22071010800" 283.671891033649 1321.10644638538 3179.82054233551 14079.8285675049 33435.8055114746 63183.636932373 610.388402938843 457.649857678711
"265" "22071010900" 413.767195856199 2051.14726877213 5701.67324972153 21579.4809980392 55037.2947368622 100809.479946136 984.970397025347 739.633041993668
"266" "22071011100" 241.238917611539 1281.95652627945 3627.04168367386 12964.5499668121 32140.8630523682 57212.5139007568 578.864883542061 441.466415476642
"267" "22071011200" 234.276945985854 1101.49354544282 3024.46404755116 11851.9234304428 29620.7164993286 50155.6089630127 513.80438002944 393.011651588537
"268" "22071011400" 388.374221161008 1935.98617458344 4107.59271812439 20607.248840332 46733.1835174561 87495.3128662109 863.366136312485 642.030726546481
"269" "22071011500" 271.854358613491 1440.91009402275 3041.24140405655 14185.7847290039 32305.8506851196 57143.9720916748 601.359085083008 446.590337152898
"270" "22071011600" 342.152892490849 1597.44739037752 3555.65585231781 16137.5245227814 38161.0796966553 69771.9267845154 699.735541880131 521.898477857983
"271" "22071011700" 746.297587439418 3293.97371840477 7504.9088101387 32647.8683013916 85415.2473297119 148770.151153564 1520.08891415596 1110.18979293458
"272" "22071011900" 291.199158459902 1365.03944835812 3385.5149050951 14486.8691220284 36453.1579236984 60617.0639019012 634.805094346404 474.981600960583
"273" "22071012000" 403.958000916988 2221.24348515272 4567.57954216003 24416.6998243332 57254.7431373596 93412.2844200134 989.272153317928 742.562928134192
"274" "22071012101" 424.361469974741 2098.11787772179 4872.25015616417 19528.0272912979 46235.2207336426 71454.2735671997 829.439121603966 630.561252951628
"275" "22071012102" 447.840194806457 2517.10950636864 5645.48281288147 19922.8297424316 44073.4743041992 68155.4049987793 840.759125709534 652.738269165739
"276" "22071012200" 411.506860166788 1792.94041097164 4655.88048648834 20396.6375770569 51582.353553772 81458.7574920654 871.431119084358 656.615229953915
"277" "22071012300" 292.756788834929 1323.66765093803 3686.21983671188 14815.8717803955 36445.0998382568 58685.4746856689 623.999660372734 478.917672227129
"278" "22071012400" 269.708812817931 1184.81444782019 3130.46856188774 13413.5823574066 32462.6773338318 50777.212677002 558.17480635643 423.36306550239
"279" "22071012500" 432.435348825529 2531.71095639467 4966.91748762131 19069.8586320877 43657.6306705475 65956.0485992432 831.840485423803 628.006207050564
"280" "22071012600" 259.428581973538 1380.05239290744 2994.03395313025 13416.0417392254 32532.005610466 49859.5188274384 580.483897618949 427.106103055453
"281" "22071012700" 350.815688252449 1639.61192059517 3666.74106407166 16525.3363265991 39892.2373809814 59884.6363677979 700.150618076324 521.025616836667
"282" "22071012800" 427.029602719471 2220.83092278242 5061.44641304016 18766.674612999 42267.0499019623 61122.7405662537 769.914261221886 602.240275294809
"283" "22071012900" 288.57860519737 1548.4857840538 3217.43050670624 15537.0306015015 38006.1400146484 55105.883682251 659.529460191727 484.713621719442
"284" "22071013000" 170.361588984728 931.831003665924 2120.89402532578 9241.45500946045 21515.0763244629 31045.1458435059 380.374065160751 285.889097011835
"285" "22071013100" 155.481274664402 756.402528584003 1657.85668635368 8194.1217956543 19373.4570465088 26522.0132980347 331.024191141129 246.033028337538
"286" "22071013200" 328.637854129076 1513.81789851189 3548.9694018364 17129.3677482605 41289.8626937866 57728.5655822754 695.377597689629 519.970607590944
"287" "22071013301" 1036.89944919199 4213.05853772163 23466.5263309479 72640.5316772461 125974.210769653 185450.430404663 2667.4575688839 1990.65183062258
"288" "22071013302" 610.762488659471 2529.96289229393 19411.5778579712 35807.7800979614 47852.5250205994 122955.973197937 1573.25591468811 1149.10154568168
"289" "22071013400" 2839.6872240901 18110.5650892258 84919.9692153931 237630.796707153 498172.229736328 1041039.13262939 9500.76827478409 7830.29276167219
"290" "22071013500" 1205.93834526092 7331.47864818573 41038.0115280151 84898.0874099731 171479.688331604 358470.1590271 3553.80578923225 3004.52748256112
"291" "22071013600" 123.597113844007 514.336411401629 3005.44016599655 7382.22501182556 11731.3991527557 34509.7321624756 291.33773380518 237.829070065524
"292" "22071013700" 320.093684803694 1480.82211095095 11531.240899086 24353.4386911392 33370.9923477173 94846.8237419128 922.761354774237 756.265039727133
"293" "22071013800" 163.175935789943 839.532613515854 3637.09460163116 9109.60057067871 15168.6349945068 29625.7710266113 368.345433950424 283.83779576604
"294" "22071013900" 570.278581868857 3685.87650164962 12192.774746418 28352.1560115814 56688.3357334137 111482.395160675 1184.92601978779 1012.16562530259
"295" "22071014000" 487.704897135496 2948.71683573723 9194.60439872742 19996.5204162598 39358.190826416 71649.7242431641 848.365250587463 728.914636624784
"296" "22071014100" 350.569122433662 1803.15867090225 6370.70361328125 16882.1155090332 37382.3096313477 82306.3760986328 734.538631439209 607.909316153645
"297" "22071014200" 251.741836294532 1276.88236236572 4110.68779468536 17368.6726226807 40692.1909484863 85734.2851715088 713.823561787605 561.217832517013
"298" "22071014300" 146.792110804468 836.701894521713 2736.87336039543 8272.23134899139 18869.8150939941 34628.9131355286 351.607281178236 281.339710955594
"299" "22071014400" 283.23661404103 1604.23235630989 4585.9331035614 21807.215423584 49030.6577835083 101351.449401855 891.700208902359 674.672792588345
"300" "22071014500" 82.2091503143311 466.317281484604 1516.39186763763 3695.21639251709 6843.3362197876 10468.1544647217 143.530079603195 121.825456890106
"301" "22071980000" 16.3899074792862 166.273780107498 951.745031356812 3234.4387512207 6626.02342224121 13406.4913711548 138.407544374466 96.9677208982706
"302" "22071980100" 2.33263349533081 18.372896194458 1249.43518066406 550.757690429688 1150.95129394531 5289.9306640625 46.8671684265137 42.4513191485404
"303" "22075050100" 224.181611403823 61.5502589195967 72138.3188781738 612.025796532631 6543.59646606445 165069.554321289 1732.13071250916 1729.20183902554
"304" "22075050200" 2264.39897453785 7232.18065452576 56081.1883850098 99980.0185241699 190237.446838379 611803.047851563 3943.74052715302 3896.02546630681
"305" "22075050300" 918.834811389446 3686.05030477047 16451.5083580017 33781.9891834259 61336.1717681885 219681.878677368 1428.42338848114 1327.67547360009
"306" "22075050400" 1400.57028901577 5272.47522068024 193014.769226074 99125.5863037109 60946.8439025879 708496.727050781 5584.15620422363 6156.18301403844
"307" "22075050500" 216.719755411148 362.313915193081 59166.4318847656 24096.537109375 30548.6062316895 164157.270568848 1183.40481185913 1752.39354728866
"308" "22075050600" 180.440404839814 205.117598131299 60436.0050811768 19265.1262283325 24826.0665588379 171831.852172852 1222.25907230377 1722.97630687691
"309" "22075050700" 326.291146814823 183.359329506755 90143.9533996582 9260.9886302948 33507.2745666504 266337.381164551 2299.45853567123 2421.36330458444
"310" "22075050800" 250.975111983716 71.3788789995015 98074.7190246582 6611.31144142151 37850.9468383789 161838.057525635 2462.56141090393 2414.36962290537
"311" "22087030103" 431.481904551387 1317.74685052037 33275.1993904114 15047.9508705139 30896.3270187378 228918.67350769 1228.42757153511 1308.82385930817
"312" "22087030104" 165.110400207341 408.210784733295 16482.5248718262 3194.02522373199 7813.74061584473 95400.3184204102 496.460888266563 548.417318103023
"313" "22087030105" 103.690717115998 27.4656441286206 33144.9996948242 19.3627896308899 650.784565448761 67189.0349121094 1267.67282772064 770.122799141719
"314" "22087030203" 343.758158639073 1266.73365956545 16711.2420845032 18126.4562454224 32488.9473800659 143732.403198242 968.037208795547 874.990958196953
"315" "22087030204" 468.310797795653 1370.12945313752 33140.7550377846 11548.1187663078 30050.0761556625 191124.510238647 1364.83074256778 1222.82600955401
"316" "22087030206" 257.058828189969 823.709877789021 11935.5879707336 9487.96398925781 19459.0002288818 95516.7711486816 659.156842708588 570.357512788965
"317" "22087030207" 364.403355937451 1279.30813077092 17044.1264324188 16236.7331485748 31498.4310684204 140354.234237671 989.799008250237 859.465512022148
"318" "22087030208" 280.479565966874 939.354681119323 15910.0389404297 7990.24701976776 18891.7438697815 116955.517822266 747.918297469616 673.714060063322
"319" "22087030209" 324.881945386529 1031.60035049915 22806.714881897 13756.8118362427 29329.7811431885 155527.81036377 1021.0289247036 959.307289182798
"320" "22087030300" 196.401414088905 800.300787091255 6744.17558479309 12270.1425971985 19865.9526748657 65038.2396011353 520.891025662422 440.852818111889
"321" "22087030400" 157.364115282893 640.547368824482 7100.67563819885 12874.808139801 22568.3286056519 76341.2484283447 537.153252124786 472.915758512661
"322" "22087030500" 160.08883228898 670.523236393929 8754.94671440125 15468.2721824646 25861.7093811035 91763.7611999512 678.792355060577 563.026605243832
"323" "22087030601" 175.199107345194 604.804384492338 6952.03681993485 9286.57868862152 15916.0935907364 61063.0705757141 463.554912269115 392.521209853199
"324" "22087030602" 235.932017207146 923.42674279213 10201.2248687744 15492.1674194336 26804.6064147949 99091.2312011719 713.835904121399 618.906395624041
"325" "22087030603" 150.21448909305 662.567384198308 7426.63703536987 8812.15116024017 15305.6333608627 61395.2882728577 465.812156200409 398.197397857195
"326" "22087030700" 195.480860661715 770.16273227334 9477.2312669754 12481.284620285 22743.2770290375 93885.8536224365 633.926618099213 550.649679348927
"327" "22087030800" 401.565096467733 1505.4253308773 18703.7576789856 22499.8776779175 40911.2307815552 169575.696350098 1217.58370709419 1031.08884446225
"328" "22087990000" 0 0 0 0 0 0 0 0
"329" "22089060100" 310.665529243648 1144.25475245714 432.043098527938 6736.18318271637 22160.3918075562 2633.07837915421 331.553326576948 205.290248969264
"330" "22089062100" 935.801785394549 4539.89783835411 2307.72747910023 34010.3259811401 61710.9882736206 27067.006187439 1368.88686823845 793.667414985224
"331" "22089062200" 428.905974403024 1823.0304363966 531.873727709055 9194.64851760864 19553.1690711975 7726.08388137817 540.862515687943 253.043007359043
"332" "22089062301" 1596.39551566169 6955.81277918816 2046.18578865379 30702.2629890442 69961.0444564819 24344.7602310181 1804.87490844727 905.694405422431
"333" "22089062302" 863.406942788512 3970.85024982691 770.235487982631 15993.0576858521 44337.145614624 12568.8997344971 1199.59022003412 511.973758026574
"334" "22089062400" 141.414516668767 614.987926274538 227.241697199643 3315.4214553833 10009.4986839294 2429.83787202835 207.547544628382 101.228126370828
"335" "22089062500" 539.887278005481 2302.16029626131 316.089209757745 10013.0387420654 33237.8645935059 4975.13353157043 740.183716058731 327.417327232614
"336" "22089062700" 975.322922803462 4231.94722497463 382.662399983034 11713.5236635208 47286.4782600403 7573.17645549774 1218.99734124541 489.671315268546
"337" "22089062800" 706.600950505584 3964.23288094997 415.964568473399 12589.887336731 29920.3558502197 11718.2522659302 964.10330748558 416.236587195363
"338" "22089062900" 486.566083073616 2752.31565177441 535.756273381412 11343.9422721863 31608.7390708923 13345.7537994385 829.635110497475 364.505057639569
"339" "22089063000" 241.694073411636 1023.51025754213 440.269664565101 4748.3530163765 10778.758972168 6353.97834682465 278.37024050951 144.046806460011
"340" "22089063100" 2040.82503348589 10321.6690483093 2659.04635858536 43501.405708313 75248.5702362061 61657.4956359863 2516.96164035797 1236.80938215238
"341" "22089063200" 1001.57793973759 5978.86259651184 792.389582503587 20366.0415210724 43028.1122894287 35274.6913661957 1550.85871994495 657.811541619036
"342" "22095070100" 862.8331858702 2371.63726760447 592.363513560966 8759.10390377045 44623.0588951111 2660.75731515884 586.708775490522 376.460241453614
"343" "22095070200" 1634.98713359982 5084.42455017567 785.462691411376 14158.8537778854 63927.7814865112 6079.25661766529 1270.0950139761 630.982328381933
"344" "22095070300" 1388.82425570488 4595.41023439169 520.603245407343 13462.096678257 62018.4276885986 5268.00868076086 1176.823792696 585.8905295389
"345" "22095070400" 876.880699284375 2793.30515672266 283.756330601871 8588.92202138901 41691.2661242485 3127.89673814178 784.641676165164 375.203175127677
"346" "22095070500" 1561.81412871368 4662.55567137897 368.808121794835 10158.598620832 47036.734744072 4777.93370585144 1032.74948105216 504.427071700203
"347" "22095070600" 657.766037352383 1728.0732281208 54.8544807434082 2810.1229673624 20108.491973877 1326.67393583804 510.079388350248 190.164070727993
"348" "22095070700" 1117.62535075843 3130.56174582243 143.406280517578 6934.55077314377 43170.0014610291 2911.94354528189 1002.96920770407 385.088281172827
"349" "22095070800" 413.961451921612 1305.31648112834 106.773255573586 2921.98611330986 12100.8924760818 1383.3962174356 316.842681229115 137.09072073495
"350" "22095070900" 441.083002597094 1527.64583218098 136.625639863312 4470.2273812294 19876.0930976868 1717.24114370346 462.28697925806 190.472360614956
"351" "22095071000" 505.98805816099 1933.50619468093 202.103840400465 5745.25782775879 26449.4530725479 2721.52007341385 534.278857558966 247.001552157775
"352" "22095071100" 750.92431846261 2574.88228011131 63.0176582336426 3726.45449209213 27700.9277038574 2344.2598361969 812.852181196213 265.297261591106
